10
20
30
40
50
60
17
55
47
52
54
41
54
74
79
63
62
54
14
47
85
96
74
84
52
31
47
45
24
58
48
54
52
54
75
65
4
52
54
54
52
54
52
52
41
4
41
21
41
252
21
41
22
12
51
51
6
3
62
512
4
515
2
5
1
5
522
5
1
2
1
251
54
1
5
1
5
51
514
64
65
165
1
651
65
135
16
51
684
6
1
351
68
1
651
35
165
1
651
65
13
1
651
6
16
1
651
3
1
31
65
13
1
3
13
21
651
3
5
545
2
3
2
35
13
1
351
32
13
1
351
351
3
13
531
7999
1999
12
18
2017
05
26
2004
156
358
665
44885
6598
57445
5692
352
66
3
5569
684
99
654
25
361
854
6559
1548
254
2
4
6
8
5
66
665
895
658
69
0
000
32
656
365
324
11
558
55
99
785
65442
258
25
1692
1960
1997
1125
6354
98
878
659
65421
3658
9587
210
55
10
20
30
40
50
60
17
55
47
52
54
41
54
74
79
63
62
54
14
47
85
96
74
84
52
31
47
45
24
58
48
54
52
54
75
65
4
52
54
54
52
54
52
52
41
4
41
21
41
252
21
41
22
12
51
51
6
3
62
512
4
515
2
5
1
5
522
5
1
2
1
251
54
1
5
1
5
51
514
64
65
165
1
651
65
135
16
51
684
6
1
351
68
1
651
35
165
1
651
65
13
1
651
6
16
1
651
3
1
31
65
13
1
3
13
21
651
3
5
545
2
3
2
35
13
1
351
32
13
1
351
351
3
13
531
7999
1999
12
18
2017
05
26
2004
156
358
665
44885
6598
57445
5692
352
66
3
5569
684
99
654
25
361
854
6559
1548
254
2
4
6
8
5
66
665
895
658
69
0
000
32
656
365
324
11
558
55
99
785
65442
258
25
1692
1960
1997
1125
6354
98
878
659
65421
3658
9587
210
55
10
20
30
40
50
60
17
55
47
52
54
41
54
74
79
63
62
54
14
47
85
96
74
84
52
31
47
45
24
58
48
54
52
54
75
65
4
52
54
54
52
54
52
52
41
4
41
21
41
252
21
41
22
12
51
51
6
3
62
512
4
515
2
5
1
5
522
5
1
2
1
251
54
1
5
1
5
51
514
64
65
165
1
651
65
135
16
51
684
6
1
351
68
1
651
35
165
1
651
65
13
1
651
6
16
1
651
3
1
31
65
13
1
3
13
21
651
3
5
545
2
3
2
35
13
1
351
32
13
1
351
351
3
13
531
7999
1999
12
18
2017
05
26
2004
156
358
665
44885
6598
57445
5692
352
66
3
5569
684
99
654
25
361
854
6559
1548
254
2
4
6
8
5
66
665
895
658
69
0
000
32
656
365
324
11
558
55
99
785
65442
258
25
1692
1960
1997
1125
6354
98
878
659
65421
3658
9587
210
55
10
20
30
40
50
60
17
55
47
52
54
41
54
74
79
63
62
54
14
47
85
96
74
84
52
31
47
45
24
58
48
54
52
54
75
65
4
52
54
54
52
54
52
52
41
4
41
21
41
252
21
41
22
12
51
51
6
3
62
512
4
515
2
5
1
5
522
5
1
2
1
251
54
1
5
1
5
51
514
64
65
165
1
651
65
135
16
51
684
6
1
351
68
1
651
35
165
1
651
65
13
1
651
6
16
1
651
3
1
31
65
13
1
3
13
21
651
3
5
545
2
3
2
35
13
1
351
32
13
1
351
351
3
13
531
7999
1999
12
18
2017
05
26
2004
156
358
665
44885
6598
57445
5692
352
66
3
5569
684
99
654
25
361
854
6559
1548
254
2
4
6
8
5
66
665
895
658
69
0
000
32
656
365
324
11
558
55
99
785
65442
258
25
1692
1960
1997
1125
6354
98
878
659
65421
3658
9587
210
55
10
20
30
40
50
60
17
55
47
52
54
41
54
74
79
63
62
54
14
47
85
96
74
84
52
31
47
45
24
58
48
54
52
54
75
65
4
52
54
54
52
54
52
52
41
4
41
21
41
252
21
41
22
12
51
51
6
3
62
512
4
515
2
5
1
5
522
5
1
2
1
251
54
1
5
1
5
51
514
64
65
165
1
651
65
135
16
51
684
6
1
351
68
1
651
35
165
1
651
65
13
1
651
6
16
1
651
3
1
31
65
13
1
3
13
21
651
3
5
545
2
3
2
35
13
1
351
32
13
1
351
351
3
13
531
7999
1999
12
18
2017
05
26
2004
156
358
665
44885
6598
57445
5692
352
66
3
5569
684
99
654
25
361
854
6559
1548
254
2
4
6
8
5
66
665
895
658
69
0
000
32
656
365
324
11
558
55
99
785
65442
258
25
1692
1960
1997
1125
6354
98
878
659
65421
3658
9587
210
55